EEE2014J
Id: [387]
Medoid: [[  0.   0.   7.   2.  32.  15. 128.   9.  86.  17.  33.  38.  50.  33.
    0.   1.   0.   7.   5.   6.   0.  18.  40.   0.   0.   0.  74. 133.
    0.   0.   0.   0.   4.   4.   9.   0.  21.  30.   0.   0.   0.   0.
    0.]]
CCC2014B
Id: [253]
Medoid: [[  0.   0.   2.   8.  29.  42. 114.  10.  10.   1.   1.   7.   0. 101.
    0.   0.   4.   5.  22.   3.   0.   1.   0. 114.   9.  17.   1.   0.
    0.   0.   2.  20.  42.  72.   0.   0.  25.   2.   0.]]
FFF2014J
Id: [902]
Medoid: [[ 0.  0.  0.  2. 60. 19. 50. 91. 82.  0. 92. 68. 15.  0.  0.  0. 10. 65.
  12. 57.  2.  0.  0. 12. 17. 65.  0.  0.  0.  0.  0.  0.  0.  0.  0.  0.
   0.  0.  0.  0.  0.  0.  0.]]
EEE2013J
Id: [137]
Medoid: [[  0.   0.   4.  44.  34.   0. 126.  28.  88.   0.  20.  50.  28.  27.
    0.   1.  14.  24.  18.  45.  19.  92.  14.  26.  32.  33.  73.   1.
    0.   0.   0.   6.   0.   2.   0.   0.   0.  10.   0.   0.   0.   0.
    0.]]
AAA2013J
Id: [89]
Medoid: [[ 0.  0. 37. 30. 68. 41. 96. 21.  8. 17.  9. 63.  3.  4.  0.  3.  0.  6.
   0.  0. 67. 31.  8. 15.  6.  1.  8. 12. 16.  7.  1.  0.  0.  8. 45. 13.
  23.  0. 11.  2.  0.  0.  0.]]
EEE2014B
Id: [319]
Medoid: [[  0.   0.   0.   0.  37.  17.  79.  30.  26.  19.   0.  26.   3.  70.
    3.   0.   3.   0.  18.  22.  53.   1.   0.   8.  43. 118.   3.   0.
    0.   0.   0.   2.  10.   0.   0.  13.  34.   0.   0.]]
BBB2013J
Id: [359]
Medoid: [[ 0.  0.  0.  0.  3.  1. 24.  0.  0.  0. 17. 15.  0.  0.  0.  0.  0. 19.
   1.  0.  0.  6. 17.  1.  0.  0.  0. 30.  0.  0.  0.  0.  0. 25.  0.  0.
   4.  0.  0.  4.  0.  0.  0.]]
BBB2013B
Id: [1034]
Medoid: [[ 0.  0.  0.  0. 53. 34. 52. 16.  0.  7. 33. 18.  0.  0.  0. 18. 27.  0.
   0.  0.  0. 17.  0.  0.  0.  0. 30.  0.  0.  0. 15.  0.  0.  0.  0.  9.
   0.  0.  0.]]
DDD2013B
Id: [170]
Medoid: [[ 0.  0.  2. 56. 60. 52. 33. 44. 20. 21. 39. 73. 14.  7. 13. 11. 12.  9.
   0. 21. 34. 61. 21. 50. 15. 66. 10.  5. 23.  1.  8. 13. 22. 27.  4.  0.
  25.  0.  0.]]
BBB2014J
Id: [31]
Medoid: [[ 0.  0.  0. 14. 24. 27.  9. 18. 12.  0.  0.  2.  0.  0.  4.  0.  0.  0.
   0. 15.  0.  1.  1.  1.  0.  0.  0.  0.  0.  0.  0.  7.  0.  0.  0.  1.
   0.  0.  0.  0.  0.  0.]]
GGG2013J
Id: [747]
Medoid: [[0. 0. 0. 0. 1. 0. 0. 0. 0. 0. 0. 0. 1. 0. 0. 0. 0. 0. 0. 0. 0. 0. 0. 0.
  0. 0. 0. 0. 0. 0. 0. 0. 0. 0. 0. 0. 0. 0. 0. 0. 0. 0.]]
FFF2013B
Id: [83]
Medoid: [[  0.  13.   1.   1. 110. 105. 112.  49.  54.  56.  82.  40.   0.  11.
   14.   0. 104.  30.  16.  18.   0.  24.  30.  52.  91.  74.  57. 101.
    0.   0.   0.   3.   0.   0.   0.   8.   7.   0.   0.]]
AAA2014J
Id: [149]
Medoid: [[ 0. 18.  0.  3. 46. 62. 57. 44. 31. 34. 19. 14.  1.  2.  1.  0.  0.  0.
   3. 39.  4. 35.  6.  0.  0.  0.  0. 29. 16.  0.  0.  0.  0.  8.  4. 12.
   0.  0. 24.  1.  0.  9.  0.]]
DDD2014B
Id: [132]
Medoid: [[ 0. 23.  6. 30. 52. 43. 21. 32. 20.  5.  3. 60. 23.  8. 16.  5.  6.  8.
   3.  2. 24.  1.  0.  0.  0.  0. 30.  9.  0.  0.  0.  0. 21.  0.  1.  0.
   8.  9.  0.]]
GGG2014J
Id: [446]
Medoid: [[ 0.  0.  0.  0.  9.  3.  5.  0.  0.  0.  0.  0.  2.  0.  0.  0.  0.  0.
   0.  0.  2.  0.  0.  0.  0.  0.  0.  0.  8.  0.  0. 13.  0.  0.  0.  0.
   0.  0.  0.  0.  0.  0.  0.]]
GGG2014B
Id: [524]
Medoid: [[0. 0. 0. 0. 8. 0. 0. 0. 0. 0. 0. 0. 0. 0. 0. 0. 0. 0. 0. 0. 0. 0. 0. 0.
  0. 0. 0. 0. 0. 0. 0. 0. 0. 0. 0. 0. 0. 0. 0.]]
BBB2014B
Id: [470]
Medoid: [[ 0.  0.  0.  0.  7. 26.  0.  5.  1.  3. 17.  0.  5.  0.  0. 16.  0.  3.
   1.  0. 15.  0.  0.  0.  0. 31.  0.  3.  0.  0.  0.  0.  0.  0.  0.  0.
   0.  0.]]
DDD2014J
Id: [925]
Medoid: [[ 0.  0.  3. 65. 59. 28. 38. 50. 43. 22.  5. 10. 24.  0.  0.  4. 14.  8.
  17. 23. 15.  7. 17. 13. 28.  3.  6. 12.  0.  3.  6. 14.  2. 15.  3. 11.
  18. 23. 34.  0.  0.  0.]]
FFF2014B
Id: [86]
Medoid: [[  0.  20.   0.  41.  42.  66.  70. 123.  85.  40.  80. 149.   3.   5.
    7.  12.  53.   0.   1.   4.  10.   1.  78.   2.   6.   1.   4.   0.
    0.   0.   0.   2.  13.   0.   0.   0.   0.   0.   0.]]
FFF2013J
Id: [1166]
Medoid: [[ 0. 24.  6.  7. 57. 81. 97. 50. 40. 65. 65.  0.  1.  0.  4.  0.  0. 92.
   6.  0.  1. 24. 15.  2.  4.  7.  1.  1.  5.  3.  0.  1.  0.  0.  0.  0.
   0.  0.  0.  0.  0.  0.  0.]]
DDD2013J
Id: [615]
Medoid: [[ 0. 27. 11. 41. 52. 44. 33. 41. 26. 23. 11. 47.  1.  9.  0. 13.  4. 13.
   4.  6.  5. 22. 26.  5.  1. 21. 20. 44. 16.  4.  0.  0.  5.  4.  0.  0.
   0.  5.  0.  0.  0.  0.]]
CCC2014J
Id: [1410]
Medoid: [[ 0.  0.  0. 24.  7. 72. 75. 26. 22.  3.  5.  0.  1. 98.  0.  0.  0.  0.
   8. 20.  0.  0.  0.  3. 80.  6. 12.  0.  0.  0.  0.  0.  0. 17. 48.  0.
   0.  0. 51.  0.  0.  0.  0.]]
