Logarithmic scale
EEE2014J
Id: [229]
Medoid: [[0.         0.69314718 0.         1.09861229 3.78418963 2.19722458
  5.01727984 2.89037176 4.24849524 2.83321334 3.21887582 3.91202301
  3.63758616 3.87120101 1.94591015 0.         1.60943791 1.79175947
  2.30258509 2.07944154 4.17438727 2.7080502  3.55534806 4.20469262
  4.9698133  4.02535169 2.89037176 4.83628191 2.48490665 1.60943791
  1.94591015 1.60943791 0.         2.94443898 0.         1.79175947
  3.21887582 2.99573227 0.         0.         0.         0.
  0.        ]]
Logarithmic scale
CCC2014B
Id: [195]
Medoid: [[0.         0.69314718 0.         1.60943791 3.8501476  2.94443898
  4.49980967 3.40119738 4.12713439 1.79175947 1.94591015 2.19722458
  1.94591015 4.39444915 1.38629436 0.         1.60943791 1.79175947
  1.38629436 2.07944154 1.09861229 0.         2.89037176 2.63905733
  1.60943791 2.83321334 0.69314718 2.07944154 1.94591015 0.
  0.69314718 0.         3.13549422 4.36944785 0.         0.
  2.48490665 0.         0.        ]]
Logarithmic scale
FFF2014J
Id: [262]
Medoid: [[0.         3.29583687 0.         1.60943791 4.82028157 5.06259503
  5.02388052 4.72738782 4.55387689 3.09104245 4.20469262 4.62497281
  3.8501476  3.49650756 3.36729583 3.21887582 3.58351894 3.61091791
  3.8918203  3.91202301 3.63758616 4.11087386 4.17438727 4.71849887
  4.18965474 3.98898405 3.04452244 2.63905733 3.68887945 3.40119738
  2.48490665 2.89037176 4.24849524 3.71357207 3.97029191 3.25809654
  2.77258872 6.55961524 4.71849887 0.         1.38629436 1.09861229
  0.        ]]
Logarithmic scale
EEE2013J
Id: [677]
Medoid: [[0.         0.         0.         2.56494936 4.55387689 3.80666249
  4.67282883 3.04452244 4.18965474 1.38629436 2.63905733 4.40671925
  3.66356165 3.98898405 0.         0.         1.79175947 2.56494936
  3.52636052 3.58351894 3.13549422 4.8598124  0.         2.30258509
  3.76120012 3.95124372 4.91998093 1.94591015 0.         0.
  0.         2.07944154 0.         0.         0.         1.94591015
  2.99573227 3.49650756 0.         0.         0.         0.
  0.        ]]
Logarithmic scale
AAA2013J
Id: [235]
Medoid: [[0.         0.         2.99573227 4.06044301 3.68887945 3.29583687
  4.94875989 3.93182563 4.33073334 3.93182563 4.34380542 4.02535169
  4.38202663 3.4657359  2.07944154 0.         4.27666612 2.19722458
  3.76120012 2.30258509 3.55534806 2.99573227 3.33220451 4.12713439
  2.19722458 2.89037176 3.21887582 4.49980967 3.95124372 3.66356165
  3.4339872  2.89037176 3.40119738 3.58351894 3.98898405 4.29045944
  2.63905733 3.25809654 2.77258872 1.09861229 0.         0.69314718
  0.        ]]
Logarithmic scale
EEE2014B
Id: [375]
Medoid: [[0.         2.77258872 0.         4.77912349 4.91265489 5.34710753
  4.78749174 4.41884061 3.76120012 3.8501476  4.00733319 3.97029191
  2.48490665 3.95124372 2.39789527 1.09861229 1.79175947 2.07944154
  3.55534806 3.09104245 4.02535169 3.52636052 2.19722458 3.61091791
  2.83321334 4.38202663 0.         1.09861229 0.         0.
  0.         0.         0.         0.         0.         0.
  0.         0.         0.        ]]
Logarithmic scale
BBB2013J
Id: [1035]
Medoid: [[0.         0.         0.         1.79175947 2.99573227 4.14313473
  2.56494936 2.07944154 2.56494936 3.4339872  2.63905733 2.63905733
  1.09861229 1.09861229 0.         0.         1.09861229 3.25809654
  3.04452244 1.60943791 2.07944154 2.39789527 3.4339872  1.09861229
  1.60943791 1.38629436 0.         2.99573227 0.         0.
  0.         0.         0.         1.09861229 0.         0.
  0.         0.         0.         0.         0.         0.
  0.        ]]
Logarithmic scale
BBB2013B
Id: [182]
Medoid: [[0.         0.         0.         3.29583687 2.7080502  2.77258872
  4.34380542 3.52636052 3.04452244 3.4657359  3.21887582 3.25809654
  2.30258509 1.94591015 2.48490665 2.83321334 2.30258509 2.39789527
  0.         1.09861229 1.94591015 3.13549422 1.38629436 1.38629436
  0.         2.39789527 2.7080502  1.38629436 0.         1.09861229
  2.83321334 0.         1.09861229 1.38629436 0.         0.
  3.29583687 0.         0.        ]]
Logarithmic scale
DDD2013B
Id: [170]
Medoid: [[0.         0.         1.09861229 4.04305127 4.11087386 3.97029191
  3.52636052 3.80666249 3.04452244 3.09104245 3.68887945 4.30406509
  2.7080502  2.07944154 2.63905733 2.48490665 2.56494936 2.30258509
  0.         3.09104245 3.55534806 4.12713439 3.09104245 3.93182563
  2.77258872 4.20469262 2.39789527 1.79175947 3.17805383 0.69314718
  2.19722458 2.63905733 3.13549422 3.33220451 1.60943791 0.
  3.25809654 0.         0.        ]]
Logarithmic scale
BBB2014J
Id: [1375]
Medoid: [[0.         0.         0.         3.17805383 1.79175947 3.17805383
  2.99573227 2.19722458 2.19722458 2.77258872 3.25809654 2.89037176
  0.         1.94591015 0.         0.         0.69314718 4.4308168
  1.94591015 3.58351894 0.         0.69314718 0.69314718 0.
  0.         3.8501476  0.         0.         0.         0.
  0.         2.89037176 1.60943791 0.         0.         2.48490665
  0.         0.         0.         0.         0.         0.        ]]
Logarithmic scale
GGG2013J
Id: [800]
Medoid: [[0.         0.         0.         0.         2.30258509 0.
  0.         0.         0.         0.         0.         0.
  0.         0.         0.         0.         0.         0.
  0.         0.         0.         0.         0.         0.
  0.         0.         0.         0.         0.         0.
  0.         0.         0.         0.         0.         0.69314718
  0.         0.         0.         0.         0.         0.        ]]
Logarithmic scale
FFF2013B
Id: [840]
Medoid: [[0.         4.00733319 4.81218436 4.8598124  4.96284463 4.4543473
  3.8286414  4.67282883 5.62762111 3.68887945 4.83628191 4.02535169
  3.4339872  4.26267988 4.09434456 2.89037176 4.44265126 3.49650756
  3.09104245 4.07753744 3.49650756 3.61091791 3.04452244 4.31748811
  3.49650756 4.18965474 2.94443898 4.04305127 3.98898405 1.79175947
  2.19722458 3.33220451 2.83321334 2.94443898 3.33220451 6.24610677
  1.09861229 0.69314718 0.        ]]
Logarithmic scale
AAA2014J
Id: [132]
Medoid: [[4.47733681 3.4657359  2.39789527 3.49650756 3.93182563 2.63905733
  4.36944785 2.83321334 4.24849524 2.94443898 2.19722458 3.36729583
  3.8918203  2.94443898 2.19722458 0.69314718 1.94591015 2.94443898
  2.77258872 2.30258509 3.25809654 2.48490665 1.60943791 0.69314718
  3.40119738 3.40119738 2.77258872 3.55534806 3.40119738 2.99573227
  2.83321334 2.30258509 3.58351894 2.19722458 3.8501476  2.94443898
  3.09104245 2.56494936 2.99573227 0.         0.         0.69314718
  0.        ]]
Logarithmic scale
DDD2014B
Id: [221]
Medoid: [[0.         0.         1.79175947 2.99573227 3.71357207 3.25809654
  3.71357207 4.57471098 3.68887945 2.7080502  3.25809654 3.91202301
  3.13549422 1.79175947 3.55534806 3.17805383 1.79175947 3.68887945
  3.04452244 0.         3.4657359  2.83321334 3.66356165 2.19722458
  1.79175947 1.94591015 1.94591015 0.69314718 0.69314718 0.69314718
  1.38629436 1.60943791 3.25809654 0.         2.07944154 0.
  0.69314718 0.         0.        ]]
Logarithmic scale
GGG2014J
Id: [446]
Medoid: [[0.         0.         0.         0.         2.30258509 1.38629436
  1.79175947 0.         0.         0.         0.         0.
  1.09861229 0.         0.         0.         0.         0.
  0.         0.         1.09861229 0.         0.         0.
  0.         0.         0.         0.         2.19722458 0.
  0.         2.63905733 0.         0.         0.         0.
  0.         0.         0.         0.         0.         0.
  0.        ]]
Logarithmic scale
GGG2014B
Id: [386]
Medoid: [[0.         0.         0.         0.         1.09861229 1.79175947
  0.         0.         0.         0.         0.         0.
  0.         0.         1.94591015 0.         0.         0.
  0.         0.         0.         0.         0.         0.
  0.         0.         0.         0.         0.         0.
  0.         0.         0.         0.         0.         0.
  0.         0.         0.        ]]
Logarithmic scale
BBB2014B
Id: [620]
Medoid: [[0.         0.         0.         1.94591015 2.77258872 4.39444915
  2.7080502  2.48490665 2.30258509 2.83321334 1.38629436 0.69314718
  2.30258509 1.09861229 1.94591015 3.17805383 1.79175947 0.69314718
  1.94591015 0.         1.94591015 1.94591015 0.         0.
  0.         2.7080502  0.         1.60943791 0.         0.
  0.         2.89037176 1.38629436 0.         0.         0.69314718
  0.         0.        ]]
Logarithmic scale
DDD2014J
Id: [925]
Medoid: [[0.         0.         1.38629436 4.18965474 4.09434456 3.36729583
  3.66356165 3.93182563 3.78418963 3.13549422 1.79175947 2.39789527
  3.21887582 0.         0.         1.60943791 2.7080502  2.19722458
  2.89037176 3.17805383 2.77258872 2.07944154 2.89037176 2.63905733
  3.36729583 1.38629436 1.94591015 2.56494936 0.         1.38629436
  1.94591015 2.7080502  1.09861229 2.77258872 1.38629436 2.48490665
  2.94443898 3.17805383 3.55534806 0.         0.         0.        ]]
Logarithmic scale
FFF2014B
Id: [117]
Medoid: [[0.         1.60943791 2.19722458 1.79175947 2.56494936 4.9698133
  5.14166356 4.14313473 3.4339872  3.80666249 4.07753744 4.84418709
  2.30258509 4.4543473  4.04305127 2.30258509 4.75359019 0.
  0.         1.79175947 2.83321334 1.60943791 4.12713439 0.
  2.30258509 0.         2.39789527 1.79175947 4.41884061 0.
  0.         0.         0.         0.         1.79175947 2.07944154
  3.36729583 0.69314718 0.        ]]
Logarithmic scale
FFF2013J
Id: [769]
Medoid: [[0.         0.         0.         3.78418963 4.54329478 4.86753445
  4.56434819 4.56434819 5.18738581 3.29583687 4.11087386 0.69314718
  3.95124372 2.63905733 2.19722458 1.94591015 2.56494936 4.40671925
  2.19722458 2.94443898 3.36729583 2.63905733 4.63472899 4.12713439
  4.56434819 3.8286414  4.27666612 2.83321334 3.95124372 0.
  0.69314718 2.39789527 1.38629436 6.43935037 4.02535169 4.02535169
  2.77258872 4.61512052 0.         0.         0.         0.
  0.        ]]
Logarithmic scale
DDD2013J
Id: [593]
Medoid: [[0.         0.         3.40119738 3.36729583 3.36729583 3.8918203
  3.25809654 3.71357207 3.21887582 2.77258872 3.97029191 3.4339872
  2.83321334 1.79175947 0.         2.56494936 3.33220451 2.99573227
  3.13549422 1.94591015 3.68887945 4.17438727 4.20469262 4.41884061
  3.29583687 2.63905733 2.63905733 3.61091791 2.07944154 2.48490665
  1.79175947 0.         0.69314718 2.99573227 2.7080502  0.
  2.07944154 2.19722458 1.09861229 0.         0.         0.        ]]
Logarithmic scale
CCC2014J
Id: [457]
Medoid: [[0.         0.         0.69314718 1.60943791 3.61091791 4.62497281
  4.68213123 2.30258509 3.91202301 1.60943791 1.94591015 1.38629436
  2.56494936 4.82028157 0.69314718 0.         0.         0.69314718
  3.04452244 3.25809654 1.38629436 0.69314718 1.60943791 1.09861229
  3.87120101 2.7080502  3.95124372 2.07944154 1.94591015 0.
  1.60943791 0.         2.19722458 2.94443898 4.04305127 2.63905733
  2.56494936 5.64190707 5.08759634 0.         0.         0.
  0.        ]]
